"hiv1blood" "hiv1csf" "hiv2blood" "hiv2csf" "hiv3csf" "neg1csf" "neg2csf"
"T-Cells 1" 1055 425 731 1184 755 76 119
"CD8+ T Cells" 375 386 426 766 267 48 85
"Myeloid 1" 112 34 763 166 184 79 98
"Myeloid 2" 246 117 208 79 55 34 35
"B-Cells" 210 6 290 25 33 5 7
"NK Cells" 170 26 165 95 46 8 15
"Myeloid 3" 23 29 18 71 42 8 10
"Plasma Cells" 30 4 30 20 23 2 3
"T-Cells 2" 17 12 14 19 12 2 4
"4" 72 37 175 170 125 7 17
"9" 20 0 16 25 50 0 0
"11" 13 6 12 18 2 3 6
"12" 10 6 15 13 7 0 0
"13" 37 1 6 0 0 0 2
